3360
-2020
-2019
-2018
-2017
-2016
-2015
-2014
-2013
-2012
-2011
-2010
-209
-208
-207
-206
-205
-204
-203
-202
-201
-200
-201
-202
-203
-204
-205
-206
-207
-208
-209
-2010
-2011
-2012
-2013
-2014
-2015
-2016
-2017
-2018
-2019
-2020
-1920
-1919
-1918
-1917
-1916
-1915
-1914
-1913
-1912
-1911
-1910
-199
-198
-197
-196
-195
-194
-193
-192
-191
-190
-191
-192
-193
-194
-195
-196
-197
-198
-199
-1910
-1911
-1912
-1913
-1914
-1915
-1916
-1917
-1918
-1919
-1920
-1820
-1819
-1818
-1817
-1816
-1815
-1814
-1813
-1812
-1811
-1810
-189
-188
-187
-186
-185
-184
-183
-182
-181
-180
-181
-182
-183
-184
-185
-186
-187
-188
-189
-1810
-1811
-1812
-1813
-1814
-1815
-1816
-1817
-1818
-1819
-1820
-1720
-1719
-1718
-1717
-1716
-1715
-1714
-1713
-1712
-1711
-1710
-179
-178
-177
-176
-175
-174
-173
-172
-171
-170
-171
-172
-173
-174
-175
-176
-177
-178
-179
-1710
-1711
-1712
-1713
-1714
-1715
-1716
-1717
-1718
-1719
-1720
-1620
-1619
-1618
-1617
-1616
-1615
-1614
-1613
-1612
-1611
-1610
-169
-168
-167
-166
-165
-164
-163
-162
-161
-160
-161
-162
-163
-164
-165
-166
-167
-168
-169
-1610
-1611
-1612
-1613
-1614
-1615
-1616
-1617
-1618
-1619
-1620
-1520
-1519
-1518
-1517
-1516
-1515
-1514
-1513
-1512
-1511
-1510
-159
-158
-157
-156
-155
-154
-153
-152
-151
-150
-151
-152
-153
-154
-155
-156
-157
-158
-159
-1510
-1511
-1512
-1513
-1514
-1515
-1516
-1517
-1518
-1519
-1520
-1420
-1419
-1418
-1417
-1416
-1415
-1414
-1413
-1412
-1411
-1410
-149
-148
-147
-146
-145
-144
-143
-142
-141
-140
-141
-142
-143
-144
-145
-146
-147
-148
-149
-1410
-1411
-1412
-1413
-1414
-1415
-1416
-1417
-1418
-1419
-1420
-1320
-1319
-1318
-1317
-1316
-1315
-1314
-1313
-1312
-1311
-1310
-139
-138
-137
-136
-135
-134
-133
-132
-131
-130
-131
-132
-133
-134
-135
-136
-137
-138
-139
-1310
-1311
-1312
-1313
-1314
-1315
-1316
-1317
-1318
-1319
-1320
-1220
-1219
-1218
-1217
-1216
-1215
-1214
-1213
-1212
-1211
-1210
-129
-128
-127
-126
-125
-124
-123
-122
-121
-120
-121
-122
-123
-124
-125
-126
-127
-128
-129
-1210
-1211
-1212
-1213
-1214
-1215
-1216
-1217
-1218
-1219
-1220
-1120
-1119
-1118
-1117
-1116
-1115
-1114
-1113
-1112
-1111
-1110
-119
-118
-117
-116
-115
-114
-113
-112
-111
-110
-111
-112
-113
-114
-115
-116
-117
-118
-119
-1110
-1111
-1112
-1113
-1114
-1115
-1116
-1117
-1118
-1119
-1120
-1020
-1019
-1018
-1017
-1016
-1015
-1014
-1013
-1012
-1011
-1010
-109
-108
-107
-106
-105
-104
-103
-102
-101
-100
-101
-102
-103
-104
-105
-106
-107
-108
-109
-1010
-1011
-1012
-1013
-1014
-1015
-1016
-1017
-1018
-1019
-1020
-920
-919
-918
-917
-916
-915
-914
-913
-912
-911
-910
-99
-98
-97
-96
-95
-94
-93
-92
-91
-90
-91
-92
-93
-94
-95
-96
-97
-98
-99
-910
-911
-912
-913
-914
-915
-916
-917
-918
-919
-920
-820
-819
-818
-817
-816
-815
-814
-813
-812
-811
-810
-89
-88
-87
-86
-85
-84
-83
-82
-81
-80
-81
-82
-83
-84
-85
-86
-87
-88
-89
-810
-811
-812
-813
-814
-815
-816
-817
-818
-819
-820
-720
-719
-718
-717
-716
-715
-714
-713
-712
-711
-710
-79
-78
-77
-76
-75
-74
-73
-72
-71
-70
-71
-72
-73
-74
-75
-76
-77
-78
-79
-710
-711
-712
-713
-714
-715
-716
-717
-718
-719
-720
-620
-619
-618
-617
-616
-615
-614
-613
-612
-611
-610
-69
-68
-67
-66
-65
-64
-63
-62
-61
-60
-61
-62
-63
-64
-65
-66
-67
-68
-69
-610
-611
-612
-613
-614
-615
-616
-617
-618
-619
-620
-520
-519
-518
-517
-516
-515
-514
-513
-512
-511
-510
-59
-58
-57
-56
-55
-54
-53
-52
-51
-50
-51
-52
-53
-54
-55
-56
-57
-58
-59
-510
-511
-512
-513
-514
-515
-516
-517
-518
-519
-520
-420
-419
-418
-417
-416
-415
-414
-413
-412
-411
-410
-49
-48
-47
-46
-45
-44
-43
-42
-41
-40
-41
-42
-43
-44
-45
-46
-47
-48
-49
-410
-411
-412
-413
-414
-415
-416
-417
-418
-419
-420
-320
-319
-318
-317
-316
-315
-314
-313
-312
-311
-310
-39
-38
-37
-36
-35
-34
-33
-32
-31
-30
-31
-32
-33
-34
-35
-36
-37
-38
-39
-310
-311
-312
-313
-314
-315
-316
-317
-318
-319
-320
-220
-219
-218
-217
-216
-215
-214
-213
-212
-211
-210
-29
-28
-27
-26
-25
-24
-23
-22
-21
-20
-21
-22
-23
-24
-25
-26
-27
-28
-29
-210
-211
-212
-213
-214
-215
-216
-217
-218
-219
-220
-120
-119
-118
-117
-116
-115
-114
-113
-112
-111
-110
-19
-18
-17
-16
-15
-14
-13
-12
-11
-10
-11
-12
-13
-14
-15
-16
-17
-18
-19
-110
-111
-112
-113
-114
-115
-116
-117
-118
-119
-120
020
019
018
017
016
015
014
013
012
011
010
09
08
07
06
05
04
03
02
01
01
02
03
04
05
06
07
08
09
010
011
012
013
014
015
016
017
018
019
020
120
119
118
117
116
115
114
113
112
111
110
19
18
17
16
15
14
13
12
11
10
11
12
13
14
15
16
17
18
19
110
111
112
113
114
115
116
117
118
119
120
220
219
218
217
216
215
214
213
212
211
210
29
28
27
26
25
24
23
22
21
20
21
22
23
24
25
26
27
28
29
210
211
212
213
214
215
216
217
218
219
220
320
319
318
317
316
315
314
313
312
311
310
39
38
37
36
35
34
33
32
31
30
31
32
33
34
35
36
37
38
39
310
311
312
313
314
315
316
317
318
319
320
420
419
418
417
416
415
414
413
412
411
410
49
48
47
46
45
44
43
42
41
40
41
42
43
44
45
46
47
48
49
410
411
412
413
414
415
416
417
418
419
420
520
519
518
517
516
515
514
513
512
511
510
59
58
57
56
55
54
53
52
51
50
51
52
53
54
55
56
57
58
59
510
511
512
513
514
515
516
517
518
519
520
620
619
618
617
616
615
614
613
612
611
610
69
68
67
66
65
64
63
62
61
60
61
62
63
64
65
66
67
68
69
610
611
612
613
614
615
616
617
618
619
620
720
719
718
717
716
715
714
713
712
711
710
79
78
77
76
75
74
73
72
71
70
71
72
73
74
75
76
77
78
79
710
711
712
713
714
715
716
717
718
719
720
820
819
818
817
816
815
814
813
812
811
810
89
88
87
86
85
84
83
82
81
80
81
82
83
84
85
86
87
88
89
810
811
812
813
814
815
816
817
818
819
820
920
919
918
917
916
915
914
913
912
911
910
99
98
97
96
95
94
93
92
91
90
91
92
93
94
95
96
97
98
99
910
911
912
913
914
915
916
917
918
919
920
1020
1019
1018
1017
1016
1015
1014
1013
1012
1011
1010
109
108
107
106
105
104
103
102
101
100
101
102
103
104
105
106
107
108
109
1010
1011
1012
1013
1014
1015
1016
1017
1018
1019
1020
1120
1119
1118
1117
1116
1115
1114
1113
1112
1111
1110
119
118
117
116
115
114
113
112
111
110
111
112
113
114
115
116
117
118
119
1110
1111
1112
1113
1114
1115
1116
1117
1118
1119
1120
1220
1219
1218
1217
1216
1215
1214
1213
1212
1211
1210
129
128
127
126
125
124
123
122
121
120
121
122
123
124
125
126
127
128
129
1210
1211
1212
1213
1214
1215
1216
1217
1218
1219
1220
1320
1319
1318
1317
1316
1315
1314
1313
1312
1311
1310
139
138
137
136
135
134
133
132
131
130
131
132
133
134
135
136
137
138
139
1310
1311
1312
1313
1314
1315
1316
1317
1318
1319
1320
1420
1419
1418
1417
1416
1415
1414
1413
1412
1411
1410
149
148
147
146
145
144
143
142
141
140
141
142
143
144
145
146
147
148
149
1410
1411
1412
1413
1414
1415
1416
1417
1418
1419
1420
1520
1519
1518
1517
1516
1515
1514
1513
1512
1511
1510
159
158
157
156
155
154
153
152
151
150
151
152
153
154
155
156
157
158
159
1510
1511
1512
1513
1514
1515
1516
1517
1518
1519
1520
1620
1619
1618
1617
1616
1615
1614
1613
1612
1611
1610
169
168
167
166
165
164
163
162
161
160
161
162
163
164
165
166
167
168
169
1610
1611
1612
1613
1614
1615
1616
1617
1618
1619
1620
1720
1719
1718
1717
1716
1715
1714
1713
1712
1711
1710
179
178
177
176
175
174
173
172
171
170
171
172
173
174
175
176
177
178
179
1710
1711
1712
1713
1714
1715
1716
1717
1718
1719
1720
1820
1819
1818
1817
1816
1815
1814
1813
1812
1811
1810
189
188
187
186
185
184
183
182
181
180
181
182
183
184
185
186
187
188
189
1810
1811
1812
1813
1814
1815
1816
1817
1818
1819
1820
1920
1919
1918
1917
1916
1915
1914
1913
1912
1911
1910
199
198
197
196
195
194
193
192
191
190
191
192
193
194
195
196
197
198
199
1910
1911
1912
1913
1914
1915
1916
1917
1918
1919
1920
2020
2019
2018
2017
2016
2015
2014
2013
2012
2011
2010
209
208
207
206
205
204
203
202
201
200
201
202
203
204
205
206
207
208
209
2010
2011
2012
2013
2014
2015
2016
2017
2018
2019
2020
-2020
-1920
-1820
-1720
-1620
-1520
-1420
-1320
-1220
-1120
-1020
-920
-820
-720
-620
-520
-420
-320
-220
-120
020
120
220
320
420
520
620
720
820
920
1020
1120
1220
1320
1420
1520
1620
1720
1820
1920
2020
-2019
-1919
-1819
-1719
-1619
-1519
-1419
-1319
-1219
-1119
-1019
-919
-819
-719
-619
-519
-419
-319
-219
-119
019
119
219
319
419
519
619
719
819
919
1019
1119
1219
1319
1419
1519
1619
1719
1819
1919
2019
-2018
-1918
-1818
-1718
-1618
-1518
-1418
-1318
-1218
-1118
-1018
-918
-818
-718
-618
-518
-418
-318
-218
-118
018
118
218
318
418
518
618
718
818
918
1018
1118
1218
1318
1418
1518
1618
1718
1818
1918
2018
-2017
-1917
-1817
-1717
-1617
-1517
-1417
-1317
-1217
-1117
-1017
-917
-817
-717
-617
-517
-417
-317
-217
-117
017
117
217
317
417
517
617
717
817
917
1017
1117
1217
1317
1417
1517
1617
1717
1817
1917
2017
-2016
-1916
-1816
-1716
-1616
-1516
-1416
-1316
-1216
-1116
-1016
-916
-816
-716
-616
-516
-416
-316
-216
-116
016
116
216
316
416
516
616
716
816
916
1016
1116
1216
1316
1416
1516
1616
1716
1816
1916
2016
-2015
-1915
-1815
-1715
-1615
-1515
-1415
-1315
-1215
-1115
-1015
-915
-815
-715
-615
-515
-415
-315
-215
-115
015
115
215
315
415
515
615
715
815
915
1015
1115
1215
1315
1415
1515
1615
1715
1815
1915
2015
-2014
-1914
-1814
-1714
-1614
-1514
-1414
-1314
-1214
-1114
-1014
-914
-814
-714
-614
-514
-414
-314
-214
-114
014
114
214
314
414
514
614
714
814
914
1014
1114
1214
1314
1414
1514
1614
1714
1814
1914
2014
-2013
-1913
-1813
-1713
-1613
-1513
-1413
-1313
-1213
-1113
-1013
-913
-813
-713
-613
-513
-413
-313
-213
-113
013
113
213
313
413
513
613
713
813
913
1013
1113
1213
1313
1413
1513
1613
1713
1813
1913
2013
-2012
-1912
-1812
-1712
-1612
-1512
-1412
-1312
-1212
-1112
-1012
-912
-812
-712
-612
-512
-412
-312
-212
-112
012
112
212
312
412
512
612
712
812
912
1012
1112
1212
1312
1412
1512
1612
1712
1812
1912
2012
-2011
-1911
-1811
-1711
-1611
-1511
-1411
-1311
-1211
-1111
-1011
-911
-811
-711
-611
-511
-411
-311
-211
-111
011
111
211
311
411
511
611
711
811
911
1011
1111
1211
1311
1411
1511
1611
1711
1811
1911
2011
-2010
-1910
-1810
-1710
-1610
-1510
-1410
-1310
-1210
-1110
-1010
-910
-810
-710
-610
-510
-410
-310
-210
-110
010
110
210
310
410
510
610
710
810
910
1010
1110
1210
1310
1410
1510
1610
1710
1810
1910
2010
-209
-199
-189
-179
-169
-159
-149
-139
-129
-119
-109
-99
-89
-79
-69
-59
-49
-39
-29
-19
09
19
29
39
49
59
69
79
89
99
109
119
129
139
149
159
169
179
189
199
209
-208
-198
-188
-178
-168
-158
-148
-138
-128
-118
-108
-98
-88
-78
-68
-58
-48
-38
-28
-18
08
18
28
38
48
58
68
78
88
98
108
118
128
138
148
158
168
178
188
198
208
-207
-197
-187
-177
-167
-157
-147
-137
-127
-117
-107
-97
-87
-77
-67
-57
-47
-37
-27
-17
07
17
27
37
47
57
67
77
87
97
107
117
127
137
147
157
167
177
187
197
207
-206
-196
-186
-176
-166
-156
-146
-136
-126
-116
-106
-96
-86
-76
-66
-56
-46
-36
-26
-16
06
16
26
36
46
56
66
76
86
96
106
116
126
136
146
156
166
176
186
196
206
-205
-195
-185
-175
-165
-155
-145
-135
-125
-115
-105
-95
-85
-75
-65
-55
-45
-35
-25
-15
05
15
25
35
45
55
65
75
85
95
105
115
125
135
145
155
165
175
185
195
205
-204
-194
-184
-174
-164
-154
-144
-134
-124
-114
-104
-94
-84
-74
-64
-54
-44
-34
-24
-14
04
14
24
34
44
54
64
74
84
94
104
114
124
134
144
154
164
174
184
194
204
-203
-193
-183
-173
-163
-153
-143
-133
-123
-113
-103
-93
-83
-73
-63
-53
-43
-33
-23
-13
03
13
23
33
43
53
63
73
83
93
103
113
123
133
143
153
163
173
183
193
203
-202
-192
-182
-172
-162
-152
-142
-132
-122
-112
-102
-92
-82
-72
-62
-52
-42
-32
-22
-12
02
12
22
32
42
52
62
72
82
92
102
112
122
132
142
152
162
172
182
192
202
-201
-191
-181
-171
-161
-151
-141
-131
-121
-111
-101
-91
-81
-71
-61
-51
-41
-31
-21
-11
01
11
21
31
41
51
61
71
81
91
101
111
121
131
141
151
161
171
181
191
201
-200
-190
-180
-170
-160
-150
-140
-130
-120
-110
-100
-90
-80
-70
-60
-50
-40
-30
-20
-10
10
20
30
40
50
60
70
80
90
100
110
120
130
140
150
160
170
180
190
200
-201
-191
-181
-171
-161
-151
-141
-131
-121
-111
-101
-91
-81
-71
-61
-51
-41
-31
-21
-11
01
11
21
31
41
51
61
71
81
91
101
111
121
131
141
151
161
171
181
191
201
-202
-192
-182
-172
-162
-152
-142
-132
-122
-112
-102
-92
-82
-72
-62
-52
-42
-32
-22
-12
02
12
22
32
42
52
62
72
82
92
102
112
122
132
142
152
162
172
182
192
202
-203
-193
-183
-173
-163
-153
-143
-133
-123
-113
-103
-93
-83
-73
-63
-53
-43
-33
-23
-13
03
13
23
33
43
53
63
73
83
93
103
113
123
133
143
153
163
173
183
193
203
-204
-194
-184
-174
-164
-154
-144
-134
-124
-114
-104
-94
-84
-74
-64
-54
-44
-34
-24
-14
04
14
24
34
44
54
64
74
84
94
104
114
124
134
144
154
164
174
184
194
204
-205
-195
-185
-175
-165
-155
-145
-135
-125
-115
-105
-95
-85
-75
-65
-55
-45
-35
-25
-15
05
15
25
35
45
55
65
75
85
95
105
115
125
135
145
155
165
175
185
195
205
-206
-196
-186
-176
-166
-156
-146
-136
-126
-116
-106
-96
-86
-76
-66
-56
-46
-36
-26
-16
06
16
26
36
46
56
66
76
86
96
106
116
126
136
146
156
166
176
186
196
206
-207
-197
-187
-177
-167
-157
-147
-137
-127
-117
-107
-97
-87
-77
-67
-57
-47
-37
-27
-17
07
17
27
37
47
57
67
77
87
97
107
117
127
137
147
157
167
177
187
197
207
-208
-198
-188
-178
-168
-158
-148
-138
-128
-118
-108
-98
-88
-78
-68
-58
-48
-38
-28
-18
08
18
28
38
48
58
68
78
88
98
108
118
128
138
148
158
168
178
188
198
208
-209
-199
-189
-179
-169
-159
-149
-139
-129
-119
-109
-99
-89
-79
-69
-59
-49
-39
-29
-19
09
19
29
39
49
59
69
79
89
99
109
119
129
139
149
159
169
179
189
199
209
-2010
-1910
-1810
-1710
-1610
-1510
-1410
-1310
-1210
-1110
-1010
-910
-810
-710
-610
-510
-410
-310
-210
-110
010
110
210
310
410
510
610
710
810
910
1010
1110
1210
1310
1410
1510
1610
1710
1810
1910
2010
-2011
-1911
-1811
-1711
-1611
-1511
-1411
-1311
-1211
-1111
-1011
-911
-811
-711
-611
-511
-411
-311
-211
-111
011
111
211
311
411
511
611
711
811
911
1011
1111
1211
1311
1411
1511
1611
1711
1811
1911
2011
-2012
-1912
-1812
-1712
-1612
-1512
-1412
-1312
-1212
-1112
-1012
-912
-812
-712
-612
-512
-412
-312
-212
-112
012
112
212
312
412
512
612
712
812
912
1012
1112
1212
1312
1412
1512
1612
1712
1812
1912
2012
-2013
-1913
-1813
-1713
-1613
-1513
-1413
-1313
-1213
-1113
-1013
-913
-813
-713
-613
-513
-413
-313
-213
-113
013
113
213
313
413
513
613
713
813
913
1013
1113
1213
1313
1413
1513
1613
1713
1813
1913
2013
-2014
-1914
-1814
-1714
-1614
-1514
-1414
-1314
-1214
-1114
-1014
-914
-814
-714
-614
-514
-414
-314
-214
-114
014
114
214
314
414
514
614
714
814
914
1014
1114
1214
1314
1414
1514
1614
1714
1814
1914
2014
-2015
-1915
-1815
-1715
-1615
-1515
-1415
-1315
-1215
-1115
-1015
-915
-815
-715
-615
-515
-415
-315
-215
-115
015
115
215
315
415
515
615
715
815
915
1015
1115
1215
1315
1415
1515
1615
1715
1815
1915
2015
-2016
-1916
-1816
-1716
-1616
-1516
-1416
-1316
-1216
-1116
-1016
-916
-816
-716
-616
-516
-416
-316
-216
-116
016
116
216
316
416
516
616
716
816
916
1016
1116
1216
1316
1416
1516
1616
1716
1816
1916
2016
-2017
-1917
-1817
-1717
-1617
-1517
-1417
-1317
-1217
-1117
-1017
-917
-817
-717
-617
-517
-417
-317
-217
-117
017
117
217
317
417
517
617
717
817
917
1017
1117
1217
1317
1417
1517
1617
1717
1817
1917
2017
-2018
-1918
-1818
-1718
-1618
-1518
-1418
-1318
-1218
-1118
-1018
-918
-818
-718
-618
-518
-418
-318
-218
-118
018
118
218
318
418
518
618
718
818
918
1018
1118
1218
1318
1418
1518
1618
1718
1818
1918
2018
-2019
-1919
-1819
-1719
-1619
-1519
-1419
-1319
-1219
-1119
-1019
-919
-819
-719
-619
-519
-419
-319
-219
-119
019
119
219
319
419
519
619
719
819
919
1019
1119
1219
1319
1419
1519
1619
1719
1819
1919
2019
-2020
-1920
-1820
-1720
-1620
-1520
-1420
-1320
-1220
-1120
-1020
-920
-820
-720
-620
-520
-420
-320
-220
-120
020
120
220
320
420
520
620
720
820
920
1020
1120
1220
1320
1420
1520
1620
1720
1820
1920
2020